4294967294,0
4294967294,7
4294967294,6
4294967294,22
4294967294,17
4294967294,67
4294967294,99
4294967294,76
4294967294,424
4294967294,43
4294967294,51
4294967294,52
4294967294,470
4294967294,25
4294967294,223
4294967294,26
4294967294,267
4294967294,595
4294967278,132
4294967278,131
4294967278,130
4294967278,129
4294967278,128
4294967278,127
4294967278,126
4294967278,125
4294967278,124
4294967278,123
4294967278,122
4294967278,121
4294967278,120
4294967278,119
4294967278,118
4294967278,117
4294967278,116
4294967278,115
4294967278,114
4294967278,113
4294967278,112
4294967278,111
4294967278,110
4294967278,108
4294967278,107
4294967278,106
4294967278,105
4294967278,104
4294967278,103
4294967278,102
4294967278,101
4294967278,100
4294967278,99
4294967278,98
4294967278,97
4294967278,96
4294967278,95
4294967278,94
4294967278,93
4294967278,92
4294967278,91
4294967278,90
4294967278,89
4294967278,87
4294967278,86
4294967278,85
4294967278,308
4294967278,84
4294967278,306
4294967278,83
4294967278,82
4294967278,81
4294967278,362
4294967278,80
4294967278,79
4294967278,78
4294967278,77
4294967278,76
4294967278,359
4294967278,75
4294967278,74
4294967278,73
4294967278,72
4294967278,71
4294967278,355
4294967278,70
4294967278,353
4294967278,69
4294967278,354
4294967278,68
4294967278,352
4294967278,67
4294967278,351
4294967278,66
4294967278,350
4294967278,65
4294967278,348
4294967278,64
4294967278,343
4294967278,63
4294967278,62
4294967278,61
4294967278,60
4294967278,59
4294967278,0
4294967279,79
4294967279,75
4294967279,427
4294967279,73
4294967279,72
4294967279,415
4294967279,68
4294967279,414
4294967279,66
4294967279,412
4294967279,65
4294967279,409
4294967279,405
4294967279,58
4294967279,425
4294967279,53
4294967279,52
4294967279,48
4294967279,47
4294967279,157
4294967279,306
4294967279,41
4294967279,301
4294967279,34
4294967279,33
4294967279,297
4294967279,32
4294967279,401
4294967279,400
4294967279,25
4294967279,21
4294967279,18
4294967279,397
4294967279,17
4294967279,269
4294967279,16
4294967279,12
4294967279,284
4294967279,11
4294967279,264
4294967279,10
4294967279,395
4294967279,439
4294967279,8
4294967279,7
4294967279,6
4294967279,280
4294967279,5
4294967279,278
4294967279,4
4294967278,109
4294967278,228
4294967294,5
4294967278,225
4294967278,223
4294967278,221
4294967278,219
4294967278,217
4294967278,215
4294967278,214
4294967278,213
0,5
4294967278,212
152,5
156,4
156,3
156,2
156,1
155,4
155,3
155,2
155,1
154,4
154,3
154,2
154,1
153,4
153,3
153,2
153,1
152,4
152,3
152,2
152,1
4294967278,382
4294967278,381
4294967294,471
4294967279,445
4294967278,380
4294967293,131
4294967293,130
4294967293,129
4294967293,128
4294967293,127
4294967293,126
4294967293,125
4294967293,124
4294967293,123
4294967293,122
4294967293,121
4294967293,120
4294967293,119
4294967293,118
4294967293,117
4294967293,116
4294967293,115
4294967293,114
4294967293,113
4294967293,112
4294967293,111
4294967293,110
4294967293,109
4294967293,108
4294967293,107
4294967293,106
4294967293,105
4294967293,104
4294967293,103
4294967293,102
4294967293,101
4294967293,100
4294967293,99
4294967293,98
4294967293,97
4294967293,96
4294967293,95
4294967293,94
4294967293,93
4294967293,92
4294967293,91
4294967293,90
4294967293,89
4294967293,88
4294967293,87
4294967293,86
4294967293,85
4294967293,84
4294967293,83
4294967293,82
4294967293,81
4294967293,80
4294967293,79
4294967293,78
4294967293,77
4294967293,76
4294967293,75
4294967293,74
4294967293,73
4294967293,72
4294967293,71
4294967293,70
4294967293,69
4294967293,68
4294967293,67
4294967293,66
4294967293,65
4294967293,64
4294967293,63
4294967293,62
4294967293,61
4294967293,60
4294967293,59
4294967293,58
4294967293,57
4294967293,56
4294967293,55
4294967293,54
4294967293,53
4294967293,52
4294967293,51
4294967293,50
4294967293,49
4294967293,48
4294967293,47
4294967293,46
4294967293,45
4294967293,44
4294967293,43
4294967293,42
4294967293,41
4294967293,40
4294967293,39
4294967293,38
4294967293,37
4294967293,36
4294967293,35
4294967293,34
4294967293,33
4294967293,32
4294967293,31
4294967293,30
4294967293,29
4294967293,28
4294967293,27
4294967293,26
4294967293,25
4294967293,24
4294967293,23
4294967293,22
4294967293,21
4294967293,20
4294967293,19
4294967293,18
4294967293,17
